ID	Mutation_0.01_P	Mutation_0.02_P	Mutation_0.03_P	RM_1K_P	RM_5K_P	RM_10K_P	Mutation_0.01_R	Mutation_0.02_R	Mutation_0.03_R	RM_1K_R	RM_5K_R	RM_10K_R	Mutation_0.01_F	Mutation_0.02_F	Mutation_0.03_F	RM_1K_F	RM_5K_F	RM_10K_F	Mutation_0.01_L2	Mutation_0.02_L2	Mutation_0.03_L2	RM_1K_L2	RM_5K_L2	RM_10K_L2	Mutation_0.01_BC	Mutation_0.02_BC	Mutation_0.03_BC	RM_1K_BC	RM_5K_BC	RM_10K_BC
Simul_010_15M_Truth_Tax	1	1	0.909090909	0.846153846	0.769230769	0.769230769	1	1	1	1	1	1	1	1	0.952380952	0.916666667	0.869565217	0.869565217	0.99552138	0.99394824	0.9658373	0.9528543	0.950618	0.983131	0.99491938	0.99415931	0.9700406	0.9357938	0.9366174	0.9788249
Simul_020_15M_Truth_Tax	1	1	1	0.869565217	0.904761905	0.772727273	1	1	1	0.952380952	1	1	1	1	1	0.909090909	0.95	0.871794872	0.99656397	0.9971317	0.99076524	0.9590855	0.9745839	0.893687	0.99465769	0.99608808	0.9886681	0.9470486	0.9625631	0.887301
Simul_050_15M_Truth_Tax	1	1	1	1	0.913043478	0.95	1	1	1	0.96	1	1	1	1	1	0.979591837	0.954545455	0.974358974	0.99657702	0.9925	0.9946824	0.9589396	0.9725657	0.9311856	0.99313105	0.9892266	0.99062443	0.9206102	0.9632809	0.9130275
Simul_100_15M_Truth_Tax	1	0.980582524	1	0.97029703	0.953846154	0.953125	0.99009901	1	0.97	0.97029703	0.953846154	0.968253968	0.995024876	0.990196078	0.984771574	0.97029703	0.953846154	0.960629921	0.99673762	0.99610881	0.9964951	0.9791319	0.9480152	0.9718922	0.99096509	0.9890356	0.99050806	0.9417009	0.9254251	0.954734
Simul_150_15M_Truth_Tax	1	1	1	0.955128205	0.988636364	0.964705882	0.986666667	0.973509934	0.960264901	0.993333333	0.956043956	0.931818182	0.993288591	0.986577181	0.97972973	0.973856209	0.972067039	0.947976879	0.9959027	0.99634623	0.9977681	0.9574025	0.9418413	0.933814	0.9890845	0.9888091	0.9918445	0.899728	0.925658	0.9135149
Simul_200_15M_Truth_Tax	1	1	1	0.989417989	0.990909091	0.989583333	0.96	0.930348259	0.905	0.930348259	0.96460177	0.940594059	0.979591837	0.963917526	0.950131234	0.958974359	0.977578475	0.964467005	0.99732666	0.9894269	0.99409522	0.9859304	0.9538059	0.9495515	0.99083277	0.9803249	0.9811908	0.9394496	0.9380478	0.9273425
Simul_250_15M_Truth_Tax	1	1	1	0.995633188	0.97826087	0.991869919	0.944	0.952	0.892	0.912	0.918367347	0.93129771	0.971193416	0.975409836	0.942917548	0.951983299	0.947368421	0.960629921	0.9963904	0.99656793	0.99478471	0.9790974	0.9572702	0.9346889	0.9860814	0.9861349	0.9772585	0.9203336	0.926886	0.9223352
Simul_300_15M_Truth_Tax	1	1	1	0.992805755	0.987421384	0.970588235	0.890365449	0.903654485	0.81	0.92	0.918128655	0.897959184	0.942003515	0.94938918	0.895027624	0.955017301	0.951515152	0.932862191	0.99563429	0.9960004	0.9893917	0.9853081	0.9714532	0.9193812	0.9817863	0.9820836	0.9627136	0.9322315	0.9423145	0.898993
Simul_500_15M_Truth_Tax	1	1	1	0.997624703	0.994791667	0.995024876	0.872255489	0.788	0.720558882	0.841683367	0.848888889	0.809716599	0.931769723	0.881431767	0.837587007	0.913043478	0.916067146	0.892857143	0.99536775	0.99338504	0.99046575	0.9778971	0.9690835	0.9449549	0.9730557	0.9526395	0.927514	0.884182	0.9386326	0.9212021
Simul_010_30M_Truth_Tax	0.909090909	1	1	0.785714286	0.75	0.5625	1	1	1	1	1	1	0.952380952	1	1	0.88	0.857142857	0.72	0.99549859	0.99429229	0.99028926	0.9757186	0.9649757	0.885814	0.99503779	0.9939589	0.9888892	0.9762186	0.9657093	0.887729
Simul_020_30M_Truth_Tax	1	0.954545455	1	0.913043478	0.739130435	0.64516129	1	1	1	1	1	1	1	0.976744186	1	0.954545455	0.85	0.784313725	0.99457441	0.99176583	0.99039429	0.9417548	0.9813533	0.9585872	0.99407883	0.9878752	0.99117405	0.9158863	0.9722518	0.949497
Simul_050_30M_Truth_Tax	1	1	1	0.872727273	0.866666667	0.888888889	1	1	1	0.96	1	0.975609756	1	1	1	0.914285714	0.928571429	0.930232558	0.99587034	0.99331058	0.9934132	0.9717744	0.9722393	0.9250659	0.99195124	0.9899908	0.9886786	0.9409364	0.9579446	0.9058888
Simul_100_30M_Truth_Tax	1	0.990196078	1	0.908256881	0.845070423	0.8625	1	1	1	0.99	1	0.971830986	1	0.995073892	1	0.947368421	0.916030534	0.913907285	0.99682012	0.9952858	0.99655484	0.9599443	0.9236525	0.9777556	0.99182256	0.9885827	0.99001339	0.90879	0.9248956	0.9501107
Simul_150_30M_Truth_Tax	1	1	1	0.973856209	0.978021978	0.955555556	1	1	1	0.986754967	0.988888889	0.988505747	1	1	1	0.980263158	0.983425414	0.971751412	0.99703421	0.99616464	0.99630426	0.9621561	0.9638658	0.9519149	0.99131429	0.99057499	0.9896463	0.9203524	0.9384209	0.936654
Simul_200_30M_Truth_Tax	1	1	0.984924623	0.965517241	0.974789916	0.965517241	1	0.995	0.984924623	0.98	0.983050847	0.991150442	1	0.997493734	0.984924623	0.972704715	0.978902954	0.978165939	0.99625319	0.99721269	0.9858331	0.9747148	0.9642451	0.9528435	0.989184	0.99079608	0.9731818	0.9177346	0.9409369	0.9279616
Simul_250_30M_Truth_Tax	1	1	0.995901639	0.976	0.964028777	0.949275362	1	1	0.96812749	0.976	0.964028777	0.97761194	1	1	0.981818182	0.976	0.964028777	0.963235294	0.99475014	0.99528392	0.99788895	0.9570695	0.9652284	0.9569016	0.9873571	0.9865949	0.99067872	0.9047264	0.9415496	0.931298
Simul_300_30M_Truth_Tax	1	1	1	0.976666667	0.987096774	0.98089172	0.996677741	0.983388704	0.973421927	0.976666667	0.962264151	1	0.998336106	0.991624791	0.986531987	0.976666667	0.974522293	0.990353698	0.99560155	0.99567773	0.99742491	0.9817389	0.9693076	0.9347532	0.9877316	0.9871693	0.9880775	0.9246549	0.9406603	0.9085075
Simul_500_30M_Truth_Tax	1	0.997894737	0.997849462	0.985626283	0.990950226	0.991341991	0.98	0.948	0.929859719	0.958083832	0.943965517	0.958158996	0.98989899	0.972307692	0.962655602	0.971659919	0.966887417	0.974468085	0.99806016	0.99596765	0.99777421	0.9713203	0.962241	0.9643943	0.9888413	0.9843753	0.9863061	0.898738	0.9393077	0.9344283
Simul_010_45M_Truth_Tax	1	1	1	0.526315789	0.416666667	0.555555556	1	1	1	1	1	1	1	1	1	0.689655172	0.588235294	0.714285714	0.99693555	0.99262302	0.9719714	0.849719	0.9762328	0.9451534	0.99656712	0.99176566	0.9750266	0.846663	0.9658693	0.9328625
Simul_020_45M_Truth_Tax	1	0.952380952	1	0.6	0.527777778	0.535714286	0.95	1	1	1	1	0.9375	0.974358974	0.975609756	1	0.75	0.690909091	0.681818182	0.9367139	0.99756413	0.9874627	0.9474401	0.9487975	0.9347972	0.9395417	0.99636334	0.9865302	0.9251056	0.9249176	0.905606
Simul_050_45M_Truth_Tax	0.980392157	1	0.980769231	0.830508475	0.875	0.755555556	0.980392157	1	1	0.98	1	1	0.980392157	1	0.990291262	0.899082569	0.933333333	0.860759494	0.99258835	0.9922289	0.9877576	0.9393083	0.977493	0.9495648	0.9895967	0.9870392	0.976543	0.9078978	0.9659193	0.927704
Simul_100_45M_Truth_Tax	1	1	1	0.814516129	0.945205479	0.819444444	1	1	0.99	1	0.985714286	0.983333333	1	1	0.994974874	0.897777778	0.965034965	0.893939394	0.99402479	0.99576482	0.99527856	0.9504788	0.9010518	0.9458971	0.99136297	0.9889682	0.9898333	0.9133868	0.892279	0.9138557
Simul_150_45M_Truth_Tax	1	1	1	0.941935484	0.922222222	0.929292929	1	1	0.986577181	0.973333333	0.988095238	1	1	1	0.993243243	0.957377049	0.954022989	0.963350785	0.9896793	0.99470937	0.9926663	0.9569652	0.899986	0.9620303	0.9833084	0.9891842	0.9849267	0.877868	0.889556	0.9448857
Simul_200_45M_Truth_Tax	0.985221675	0.99009901	1	0.942857143	0.931818182	0.914728682	0.995024876	1	0.995	0.985074627	0.991935484	0.991596639	0.99009901	0.995024876	0.997493734	0.96350365	0.9609375	0.951612903	0.99422444	0.996692	0.99806373	0.978078	0.863674	0.9557184	0.9868609	0.9890278	0.99204805	0.9219868	0.825393	0.9366279
Simul_250_45M_Truth_Tax	0.992031873	0.995967742	0.996015936	0.972111554	0.955882353	0.93877551	0.996	0.991967871	1	0.972111554	0.955882353	1	0.994011976	0.993963783	0.998003992	0.972111554	0.955882353	0.968421053	0.99624097	0.99634318	0.99593738	0.9821526	0.9467278	0.9582417	0.9887327	0.9894801	0.9889867	0.935412	0.9283787	0.9337612
Simul_300_45M_Truth_Tax	0.996677741	1	1	0.97704918	0.952941176	0.974522293	1	0.996677741	0.996677741	0.990033223	0.993865031	0.980769231	0.998336106	0.998336106	0.998336106	0.98349835	0.972972973	0.977635783	0.99721852	0.99478341	0.997978	0.9849433	0.9548671	0.9628556	0.9898346	0.9849727	0.99103539	0.9383129	0.9382552	0.9381334
Simul_500_45M_Truth_Tax	1	1	1	0.97755102	0.965217391	0.978540773	0.982035928	0.978043912	0.964071856	0.958	0.977973568	0.991304348	0.990936556	0.988900101	0.981707317	0.967676768	0.971553611	0.98488121	0.99535956	0.99679232	0.9965171	0.9834975	0.9622008	0.9641488	0.9872423	0.9882679	0.9858453	0.9160966	0.9371217	0.9411481