SampleID	MetaPhlAn4_P	mOTUs3_P	Bracken_P	Kraken2_P	KrakenUniq_P	MAP2B_P	MetaPhlAn4_R	mOTUs3_R	Bracken_R	Kraken2_R	KrakenUniq_R	MAP2B	MetaPhlAn4_F1	mOTUs3_F1	Bracken_F	Kraken2_F	KrakenUniq_F	MAP2B	MetaPhlAn4_L2	mOTUs3_L2	Bracken_L2	Kraken2_L2	Krakenuniq_L2	MAP2B_L2	MetaPhlAn4_BC	mOTUs3_BC	Bracken_BC	Kraken2_BC	KrakenUniq_BC	MAP2B_BC
S1_010_007.5M	0.727272727	0.444444444	0.003916	0.010949	0.032967	1	0.8	0.4	0.3	0.3	0.3	1	0.761904762	0.421052632	0.007731084	0.021126937	0.059405887	1	0.65973	0.378284	0.646014	0.618373	0.596698	0.9905804	0.609775	0.29206	0.509809	0.509801	0.509807	0.99211565
S1_020_007.5M	0.666666667	0.269230769	0.005634	0.009217	0.036585	1	0.7	0.35	0.2	0.2	0.3	1	0.682926829	0.304347826	0.010959277	0.017621895	0.06521681	1	0.86265	0.678135	0.759169	0.677865	0.602067	0.99434875	0.81314	0.455682	0.416351	0.227015	0.26348	0.99216975
S1_050_007.5M	0.87755102	0.555555556	0.040519	0.094697	0.174242	1	0.86	0.4	0.5	0.5	0.46	0.98	0.868686869	0.465116279	0.074963137	0.159235712	0.252746806	0.98989899	0.9662242	0.786432	0.811578	0.801251	0.785695	0.9843914	0.9376494	0.380741	0.438843	0.438532	0.401086	0.9835783
S1_100_007.5M	0.878787879	0.56626506	0.040445	0.077075	0.145299	1	0.861386139	0.465346535	0.39604	0.386139	0.336634	0.970297	0.87	0.510869565	0.073394677	0.128500708	0.202984994	0.984924608	0.9055385	0.831991	0.789988	0.780004	0.765302	0.99659948	0.824576	0.412467	0.274428	0.262155	0.215263	0.99175985
S1_150_007.5M	0.904761905	0.632478632	0.032047	0.068146	0.179825	1	0.886666667	0.493333333	0.293333	0.286667	0.273333	0.966667	0.895622896	0.554307116	0.057781318	0.110115522	0.216931431	0.98305102	0.9190269	0.865968	0.868703	0.855613	0.842305	0.99437496	0.86784	0.503437	0.343645	0.342878	0.332439	0.9858214
S1_200_007.5M	0.878787879	0.670967742	0.044068	0.079701	0.146699	1	0.87	0.52	0.325	0.32	0.3	0.94	0.874371859	0.585915493	0.077612256	0.127616994	0.197044095	0.969072165	0.9533461	0.892212	0.862067	0.855596	0.845459	0.99519013	0.859525	0.503179	0.250302	0.250705	0.240565	0.9835012
S1_250_007.5M	0.896	0.778378378	0.071371	0.148718	0.270627	1	0.892430279	0.573705179	0.354582	0.346614	0.326693	0.964143	0.894211577	0.660550459	0.118824715	0.208134103	0.29602875	0.981744201	0.9707993	0.896332	0.890465	0.882596	0.875636	0.99629488	0.9092541	0.549493	0.333806	0.333287	0.331594	0.9862378
S1_300_007.5M	0.884745763	0.714953271	0.079278	0.148204	0.279412	1	0.87	0.51	0.336667	0.33	0.316667	0.93	0.877310924	0.595330739	0.128335652	0.204545842	0.296875279	0.96373057	0.9375567	0.887831	0.893688	0.884208	0.867723	0.9947121	0.820162	0.473289	0.330986	0.320601	0.25337	0.9781252
S1_500_007.5M	0.90625	0.712643678	0.126742	0.242857	0.388235	1	0.868263473	0.49500998	0.381238	0.373253	0.329341	0.91018	0.886850153	0.584216726	0.190239248	0.294256233	0.356371181	0.952978253	0.9774566	0.9420233	0.912648	0.9080455	0.9011079	0.99406206	0.893007	0.556753	0.311749	0.306493	0.295087	0.9679535
S1_010_015M	0.5	0.214285714	0.002899	0.007905	0.008197	1	0.818181818	0.272727273	0.181818	0.181818	0.090909	1	0.620689655	0.24	0.005707005	0.01515126	0.015038062	1	0.844856	0.502401	0.495154	0.451818	0.397652	0.9906667	0.865202	0.374148	0.175222	0.162917	0.047492	0.99036026
S1_020_015M	0.782608696	0.65	0.008631	0.020173	0.048611	1	0.857142857	0.619047619	0.333333	0.333333	0.333333	1	0.818181818	0.634146341	0.016826316	0.038043635	0.084848305	1	0.848961	0.831906	0.744934	0.721343	0.706643	0.9899586	0.840337	0.678607	0.409686	0.409681	0.409682	0.99017848
S1_050_015M	0.9	0.642857143	0.015826	0.03299	0.086207	1	0.9	0.54	0.32	0.32	0.3	1	0.9	0.586956522	0.030160381	0.059813592	0.133928696	1	0.9063468	0.794655	0.756786	0.690845	0.604105	0.99623266	0.845989	0.505842	0.296072	0.178292	0.171294	0.99293818
S1_100_015M	0.915789474	0.651162791	0.033882	0.06308	0.113879	1	0.87	0.56	0.35	0.34	0.32	1	0.892307692	0.602150538	0.061783048	0.106416592	0.167978999	1	0.93253	0.877826	0.82793	0.813972	0.802228	0.99768943	0.878051	0.587802	0.306011	0.295702	0.292013	0.99357304
S1_150_015M	0.905405405	0.619047619	0.0611	0.122153	0.275362	1	0.887417219	0.516556291	0.397351	0.390728	0.377483	1	0.89632107	0.563176895	0.10591381	0.186119577	0.318435383	1	0.9409029	0.883398	0.872132	0.859327	0.849507	0.99677056	0.846811	0.481004	0.366779	0.363395	0.360229	0.99055379
S1_200_015M	0.918367347	0.626582278	0.064114	0.154897	0.309735	1	0.895522388	0.492537313	0.358209	0.338308	0.348259	0.985075	0.906801008	0.551532033	0.10876136	0.212499445	0.327869255	0.992481392	0.959143	0.894674	0.892397	0.878875	0.871552	0.99804793	0.9052665	0.467356	0.357345	0.342064	0.340223	0.99339106
S1_250_015M	0.857142857	0.621359223	0.073887	0.134969	0.224432	1	0.84	0.512	0.352	0.352	0.316	0.984	0.848484848	0.561403509	0.122136736	0.195121611	0.262458596	0.991935484	0.9469088	0.9231068	0.9038666	0.895801	0.883235	0.99742072	0.851686	0.571366	0.362581	0.363206	0.34303	0.99071727
S1_300_015M	0.878378378	0.647058824	0.090909	0.168285	0.340351	1	0.866666667	0.513333333	0.356667	0.346667	0.323333	0.95	0.872483221	0.572490706	0.144888199	0.226579783	0.331623815	0.974358974	0.9483082	0.9128964	0.899673	0.888971	0.877431	0.99535878	0.847649	0.504168	0.344745	0.338967	0.339428	0.9858784
S1_500_015M	0.874747475	0.669398907	0.100906	0.190421	0.382051	1	0.864271457	0.489021956	0.333333	0.325349	0.297405	0.91018	0.869477912	0.565167243	0.15491607	0.240236082	0.33445544	0.952978253	0.96519	0.9333441	0.9232183	0.9165945	0.9040069	0.99622535	0.847236	0.4789	0.315599	0.303022	0.288099	0.978129
S1_010_030M	0.615384615	0.057142857	0.009091	0.012552	0.022727	1	0.727272727	0.181818182	0.272727	0.272727	0.272727	1	0.666666667	0.086956522	0.017595478	0.023999448	0.041957574	1	0.538299	0.395386	0.406653	0.390947	0.383504	0.9871656	0.524633	0.05266	0.109224	0.109224	0.109224	0.9881308
S1_020_030M	0.72	0.163265306	0.009313	0.022727	0.031915	1	0.857142857	0.380952381	0.380952	0.380952	0.285714	1	0.782608696	0.228571429	0.018181523	0.042894954	0.057416434	1	0.877607	0.607311	0.686341	0.639314	0.630771	0.9832361	0.847435	0.381346	0.344863	0.261354	0.231265	0.982728
S1_050_030M	0.796296296	0.304878049	0.029455	0.060241	0.115854	0.980392	0.86	0.5	0.4	0.4	0.38	1	0.826923077	0.378787879	0.054869544	0.104712096	0.177570495	0.99009893	0.9274009	0.766683	0.693853	0.717815	0.708311	0.99507228	0.866908	0.496827	0.262693	0.262055	0.250781	0.99192171
S1_100_030M	0.862745098	0.393162393	0.033881	0.059813	0.070822	0.990196	0.871287129	0.455445545	0.326733	0.316832	0.247525	1	0.866995074	0.422018349	0.061395513	0.100628828	0.110132752	0.995073852	0.9528351	0.82754	0.823961	0.8175	0.804499	0.99558052	0.9079349	0.457528	0.2586	0.257557	0.193492	0.99096297
S1_150_030M	0.894736842	0.560606061	0.038019	0.106173	0.227778	1	0.906666667	0.493333333	0.286667	0.286667	0.273333	0.993333	0.900662252	0.524822695	0.067134355	0.154955175	0.248484843	0.996655351	0.9624718	0.890467	0.856025	0.836083	0.821887	0.99621724	0.9144111	0.509938	0.325234	0.321924	0.317803	0.99149556
S1_200_030M	0.9	0.444444444	0.076923	0.151923	0.352381	1	0.9	0.48	0.395	0.395	0.37	0.995	0.9	0.461538462	0.128769248	0.219444364	0.360975635	0.997493734	0.9655875	0.88521	0.9017123	0.895321	0.883409	0.99721964	0.9076734	0.448492	0.398043	0.393288	0.374386	0.9911238
S1_250_030M	0.899193548	0.580952381	0.056328	0.132635	0.240132	1	0.892	0.488	0.308	0.304	0.292	0.992	0.895582329	0.530434783	0.095238488	0.184689913	0.26353816	0.995983936	0.9593971	0.9239267	0.863552	0.83794	0.825006	0.99544628	0.891439	0.583397	0.297562	0.286262	0.276291	0.9884068
S1_300_030M	0.9	0.612403101	0.080192	0.147416	0.269939	1	0.897009967	0.524916944	0.332226	0.322259	0.292359	0.976744	0.898502496	0.56529517	0.129198373	0.20229364	0.280702034	0.988235199	0.9729246	0.9052594	0.9037135	0.892584	0.875496	0.99345751	0.9143095	0.499544	0.359937	0.357859	0.330725	0.9882854
S1_500_030M	0.894949495	0.654731458	0.133961	0.253879	0.446809	1	0.884231537	0.510978044	0.369261	0.359281	0.335329	0.936128	0.889558233	0.573991031	0.196599405	0.297520716	0.383124244	0.967010446	0.9710937	0.9102235	0.9192773	0.9144853	0.9086162	0.99645966	0.9032691	0.489088	0.357716	0.348199	0.342141	0.9828385
S1_010_045M	0.8	0.103448276	0.000749	0.001344	0.0003745	1	0.8	0.3	0.1	0.1	0.05	1	0.8	0.153846154	0.001486863	0.002652352	0.000743432	1	0.52138	0.442336	0.540224	0.528925	0.533405	0.99259566	0.655001	0.308349	0.131716	0.131715	0.131716	0.9936369
S1_020_045M	0.772727273	0.448275862	0.011583	0.020045	0.038298	0.869565	0.85	0.65	0.45	0.45	0.45	1	0.80952381	0.530612245	0.022584671	0.038380368	0.070588452	0.930232434	0.62416	0.650361	0.603952	0.571602	0.551472	0.9867998	0.635281	0.486598	0.289315	0.267868	0.263134	0.9832911
S1_050_045M	0.824561404	0.482142857	0.016949	0.03886	0.115108	1	0.94	0.54	0.32	0.3	0.32	1	0.878504673	0.509433962	0.032192884	0.068807177	0.169312263	1	0.9576454	0.876583	0.820832	0.805014	0.790449	0.9894877	0.9475341	0.648562	0.393006	0.392902	0.393932	0.9865803
S1_100_045M	0.80733945	0.485714286	0.041081	0.086168	0.173913	1	0.871287129	0.504950495	0.376238	0.376238	0.356436	1	0.838095238	0.495145631	0.07407395	0.140221693	0.233766271	1	0.9655663	0.876204	0.846408	0.824611	0.812966	0.99751266	0.9179817	0.528463	0.356767	0.34048	0.329635	0.99560889
S1_150_045M	0.868421053	0.496774194	0.100993	0.187117	0.288557	1	0.88	0.513333333	0.406667	0.406667	0.386667	1	0.874172185	0.504918033	0.161803255	0.256302996	0.330484312	1	0.9660467	0.892754	0.819431	0.814759	0.807223	0.99708322	0.9082418	0.587176	0.439493	0.438704	0.410629	0.99294347
S1_200_045M	0.886699507	0.478873239	0.060935	0.110606	0.210526	1	0.9	0.51	0.365	0.365	0.34	1	0.893300248	0.493946731	0.104435066	0.16976737	0.260038	1	0.9703365	0.9034317	0.883423	0.874875	0.859546	0.99743803	0.9168665	0.528292	0.360206	0.359341	0.313956	0.99201337
S1_250_045M	0.884169884	0.652173913	0.078416	0.172598	0.34981	1	0.912350598	0.537848606	0.386454	0.386454	0.366534	1	0.898039216	0.589519651	0.130376995	0.238622481	0.357976778	1	0.9443261	0.9079793	0.869112	0.857416	0.849954	0.99831773	0.848368	0.507444	0.334457	0.333604	0.313699	0.99369768
S1_300_045M	0.846405229	0.56928839	0.085666	0.17069	0.355872	1	0.863333333	0.506666667	0.336667	0.33	0.333333	1	0.854785479	0.536155203	0.136579028	0.2250003	0.344233955	1	0.9611921	0.9122543	0.9051837	0.88926	0.88149	0.99698331	0.873535	0.498447	0.359085	0.334167	0.341682	0.99103673
S1_500_045M	0.917171717	0.575757576	0.116172	0.254731	0.486486	0.997996	0.906187625	0.493013972	0.351297	0.349301	0.323353	0.994012	0.911646586	0.531182796	0.174603557	0.294612845	0.388488842	0.996000016	0.9659947	0.9265019	0.9171413	0.9085041	0.9021462	0.99823898	0.883919	0.455909	0.313292	0.30792	0.299715	0.99122789
S1_010_090M	0.75	0.3	0.00385	0.013423	0.020134	0.916667	0.818181818	0.545454545	0.363636	0.363636	0.272727	1	0.782608696	0.387096774	0.00761933	0.025890304	0.037499602	0.956521921	0.9424089	0.653676	0.599338	0.57257	0.512313	0.9922861	0.9304834	0.49936	0.25879	0.25879	0.211957	0.9902857
S1_020_090M	0.818181818	0.054054054	0.005535	0.009464	0.015326	0.909091	0.9	0.5	0.15	0.15	0.2	1	0.857142857	0.097560976	0.010676054	0.017804646	0.028470319	0.952381002	0.9280647	0.587997	0.381987	0.374448	0.377972	0.99552519	0.9262897	0.243439	0.039048	0.039047	0.042872	0.99418786
S1_050_090M	0.771929825	0.25862069	0.024055	0.04142	0.077821	0.980392	0.88	0.6	0.42	0.42	0.4	1	0.822429907	0.361445783	0.045503823	0.075403754	0.130293143	0.99009893	0.9244498	0.814646	0.799056	0.7824	0.782013	0.9881169	0.877295	0.543358	0.388775	0.331892	0.359508	0.9817112
S1_100_090M	0.87037037	0.175182482	0.044084	0.0681	0.102894	1	0.930693069	0.475247525	0.376238	0.376238	0.316832	1	0.899521531	0.256	0.078920808	0.115325756	0.155339968	1	0.9522185	0.838545	0.851936	0.845587	0.822649	0.99603654	0.9171975	0.381032	0.430767	0.431717	0.338001	0.99137122
S1_150_090M	0.830188679	0.317073171	0.047406	0.083333	0.146006	0.986928	0.874172185	0.516556291	0.350993	0.350993	0.350993	1	0.851612903	0.392947103	0.0835302	0.134688228	0.206226105	0.993421	0.942725	0.885198	0.835972	0.826151	0.826944	0.99555382	0.863968	0.512852	0.222366	0.21637	0.236851	0.9888129
S1_200_090M	0.855813953	0.324675325	0.048239	0.096626	0.179567	1	0.915422886	0.497512438	0.313433	0.313433	0.288557	1	0.884615385	0.392927308	0.083609981	0.147714241	0.221374315	1	0.9574608	0.895169	0.888754	0.881345	0.861543	0.99561939	0.897755	0.438496	0.270439	0.27036	0.240134	0.99089198
S1_250_090M	0.8359375	0.353846154	0.092664	0.181467	0.193798	1	0.856	0.46	0.384	0.376	0.1	1	0.845849802	0.4	0.149300035	0.244791502	0.131926017	1	0.9047125	0.890907	0.9093804	0.9004234	0.725537	0.99484677	0.767481	0.429321	0.428946	0.410132	0.077862	0.9892741
S1_300_090M	0.855769231	0.509615385	0.106942	0.202487	0.307692	0.993399	0.887043189	0.528239203	0.378738	0.378738	0.332226	1	0.871125612	0.518760196	0.166788829	0.263889273	0.319488692	0.996688571	0.9358736	0.898696	0.89896	0.883981	0.868239	0.99772254	0.851566	0.529874	0.402732	0.395769	0.373838	0.99222117
S1_500_090M	0.877952756	0.514522822	0.12076	0.216792	0.423858	1	0.892	0.496	0.356	0.346	0.334	0.996	0.884920635	0.50509165	0.18034466	0.26656396	0.373601841	0.997995992	0.9727609	0.9235256	0.9175468	0.9009804	0.887657	0.99698214	0.896659	0.479719	0.365424	0.302428	0.357831	0.99113183
S1_010_150M	0.444444444	0.11627907	0.002062	0.004808	0.012821	1	0.8	0.5	0.1	0.1	0.1	1	0.571428571	0.188679245	0.004040681	0.009174872	0.022728038	1	0.9639281	0.427517	0.556738	0.518501	0.534994	0.99097545	0.960378	0.396585	0.401528	0.40153	0.40153	0.99240677
S1_020_150M	0.904761905	0.161290323	0.004055	0.00885	0.017241	0.913043	0.904761905	0.476190476	0.238095	0.238095	0.238095	1	0.904761905	0.240963855	0.007974191	0.017065668	0.032153679	0.954545193	0.9534365	0.711202	0.585646	0.569493	0.566833	0.9899238	0.9525064	0.478866	0.069304	0.064596	0.065059	0.9898405
S1_050_150M	0.826923077	0.126984127	0.013986	0.030108	0.053435	1	0.86	0.48	0.28	0.28	0.28	1	0.843137255	0.20083682	0.026641269	0.054369703	0.089743428	1	0.9513145	0.819022	0.770813	0.742854	0.731414	0.99439676	0.9005362	0.486557	0.304838	0.280155	0.284724	0.99235282
S1_100_150M	0.769911504	0.205357143	0.025997	0.058824	0.116592	0.87069	0.861386139	0.455445545	0.29703	0.277228	0.257426	1	0.813084112	0.283076923	0.047809557	0.097054384	0.160493945	0.930875773	0.897781	0.820456	0.837378	0.820116	0.803966	0.99593113	0.809762	0.371076	0.270808	0.255642	0.244695	0.99040571
S1_150_150M	0.776470588	0.313901345	0.046248	0.100569	0.203922	1	0.88	0.466666667	0.353333	0.353333	0.346667	1	0.825	0.375335121	0.081790398	0.156572769	0.256790557	1	0.9413031	0.882862	0.876764	0.869623	0.850562	0.99500761	0.869595	0.477203	0.329297	0.327943	0.27836	0.987138
S1_200_150M	0.814814815	0.326219512	0.060736	0.119377	0.212418	1	0.875621891	0.532338308	0.353234	0.343284	0.323383	1	0.8441247	0.404536862	0.103650121	0.177150069	0.256410011	1	0.9304058	0.880501	0.881403	0.873132	0.868403	0.99395888	0.85202	0.481041	0.339919	0.338634	0.332908	0.9860647
S1_250_150M	0.840304183	0.383152174	0.084961	0.155678	0.27451	0.992095	0.880478088	0.561752988	0.346614	0.338645	0.334661	1	0.859922179	0.455573506	0.136470704	0.213300115	0.301615773	0.996031816	0.9695838	0.919724	0.877504	0.858519	0.842799	0.99880783	0.9105229	0.59691	0.359667	0.355368	0.354428	0.99538126
S1_300_150M	0.815625	0.411290323	0.070893	0.158951	0.289552	0.990099	0.87	0.51	0.346667	0.343333	0.323333	1	0.841935484	0.455357143	0.117713687	0.217299869	0.305511529	0.995024871	0.9705678	0.9133598	0.88526	0.876072	0.868217	0.9955776	0.9030071	0.500593	0.275093	0.271781	0.261939	0.9893174
S1_500_150M	0.848368522	0.388888889	0.114943	0.216687	0.386308	1	0.882235529	0.489021956	0.359281	0.347305	0.315369	0.996008	0.864970646	0.433244916	0.174165947	0.266870731	0.347252561	0.998000008	0.9776898	0.934908	0.9244668	0.91777	0.907353	0.99864635	0.89954	0.501806	0.320113	0.31163	0.28826	0.99328187
